## Script inutile
simu_ER <- c(350.0134343452573,
             453.0494680425028,
             554.155460698015,
             655.1619181943995,
             756.2901485008645,
             857.3345405600837,
             958.4922830855359,
             978.5358535119204,
             998.1639973278855,
             1015.471649907787,
             1031.9895053386335,
             1048.2918592694916,
             1064.010289536864,
             1079.6627141622068,
             1188.593999726279,
             1299.5118893935214,
             1381.6931126665656,
             1463.3314099235968,
             1545.4092716918099,
             1623.6038578464577,
             1717.8918088833996,
             1823.1739262026645,
             1928.8782298202484,
             2031.1874179960873,
             2133.6996247087927,
             2236.341949492591,
             2339.3664622784304,
             2448.4532240452563,
             2437.197615309591,
             2388.4926057982,
             2338.2115488235654,
             2285.7043540190384,
             2231.0497889188646,
             2174.341698477577,
             2115.6886824777093,
             2055.213654959252,
             1993.0532891270568,
             1929.357349954992,
             1864.2879153657673,
             1798.0184856263697,
             1777.553469664931,
             1708.379934251659,
             1639.4560720971178,
             1570.0900064891478,
             1500.4920546353533,
             1430.876129723809,
             1361.4580963009073,
             1292.4540383671274,
             1224.0784554189197,
             1156.5424060378443,
             1179.8350516515527,
             1226.7703149315935,
             1290.949096079537,
             1354.8255209642698,
             1418.7921775073432,
             1482.6181005723752,
             1546.2232297598182,
             1568.311269310066,
             1589.4644859243483,
             1541.1569543041758,
             1489.069768172495,
             1438.229351092757,
             1388.5428977175438,
             1339.959800788765,
             1286.2164074118114,
             1234.0479663065473,
             1185.515470433919,
             1149.0666691149484,
             1139.7850008308083,
             1094.306270340885,
             1049.3890549322246,
             1004.6746082049422,
             960.86189833569,
             918.1165733797712,
             876.0798232485172,
             834.6773883183206,
             793.8341537210301,
             753.1311437893781,
             721.031905280046,
             691.1206785333828)

simu_PS <- c(231.35134498309577,
             263.1403688655092,
             292.67328949204887,
             321.9905909899573,
             351.6737949919439,
             380.8074315836434,
             405.63410949138836,
             417.13701895332633,
             428.85890125782123,
             431.30673161263405,
             432.9835604103839,
             429.3021407116246,
             424.52209481407044,
             419.26739635931585,
             488.96248478041707,
             562.9559691888785,
             571.830971658321,
             585.3714388413742,
             598.8472863724924,
             598.9665652463688,
             646.1124909459029,
             641.5197563431205,
             629.2641076991645,
             616.4179258514815,
             602.8439557391453,
             588.56198570472,
             573.5985258724058,
             557.9867272754734,
             559.1568917119314,
             552.5874365954112,
             534.9790237723361,
             536.4662450304008,
             557.6133745341147,
             578.4705464354471,
             579.4535667668983,
             559.383267293698,
             539.4987280944623,
             519.4605267543479,
             499.33308453563285,
             479.1801523142656,
             459.06417913428436,
             439.0457329461774,
             426.80620185170335,
             527.0664000440825,
             627.3673059152433,
             721.3685653550214,
             815.0308528383815,
             908.9086056820686,
             1002.6825070462253,
             1096.1094827532906,
             1605.3845264073873,
             2114.441584762829,
             2217.6049229088553,
             2320.4151457441367,
             2423.3228617091145,
             2524.5066572302444,
             2563.973912324273,
             2529.793397350786,
             2495.0937872716772,
             2510.8263736839867,
             2526.1365872703705,
             2484.354455288666,
             2441.162690296984,
             2395.3900179239054,
             2341.94896833417,
             2286.0808840299846,
             2232.493642356943,
             2282.480115330153,
             2370.0061900001792,
             2305.5259004517197,
             2238.1331654277674,
             2172.03444742773,
             2104.1034420835977,
             2033.9463752363888,
             1961.7970060148086,
             1887.9134815391474,
             1812.575494653974,
             1736.080976309813,
             1657.5805662335592,
             1579.1645221312185)

simu_EH <- c(180.25526992154695,
             226.4936275997441,
             266.6481560179385,
             306.50988427521605,
             346.7538388345295,
             385.68389420309916,
             399.1670957812428,
             445.1537199646189,
             492.9798700856247,
             512.0349776938655,
             529.6904525143298,
             545.6893342682675,
             559.7744733119106,
             572.4306861394538,
             623.3430043880261,
             676.066985773371,
             685.0989630518079,
             690.793890498314,
             692.8175292073289,
             691.8034860862315,
             736.420990188338,
             792.2459655305047,
             850.3631017968391,
             894.3168795807755,
             939.4020920495917,
             985.7664617690509,
             1033.6712070870824,
             1085.068727237865,
             1116.505299849849,
             1093.028963775688,
             1069.5631967964887,
             1045.1077964415997,
             1019.7049285832878,
             1007.1463232791099,
             998.47585122615,
             978.2651325567618,
             949.2912720658276,
             919.8047157521768,
             1161.7245853601148,
             1415.9908170024944,
             1670.2478297115147,
             1924.8292765771482,
             2221.466311529007,
             2518.253612571415,
             2814.950290089946,
             2954.277465071631,
             3093.104157425286,
             3231.926541767932,
             3370.3945751101182,
             3508.5767372841915,
             4091.8774105255156,
             4674.583544813652,
             4950.879308927167,
             5226.54464839276,
             5502.006693609583,
             5770.027774140339,
             5689.673993373085,
             5597.443108305513,
             5500.521580197994,
             5400.640743643966,
             5295.646541213544,
             5185.451704148042,
             5070.049360348974,
             4949.429502984683,
             4821.017864941723,
             4687.667974708812,
             4552.648873083147,
             4413.168428182495,
             4269.478443256749,
             4121.877457380895,
             3967.515329640554,
             3809.498000164731,
             3649.048010834857,
             3487.8100077485055,
             3325.208798800121,
             3161.8114463859374,
             2998.2203715038463,
             2834.9398235753515,
             2674.189640617805,
             2518.784114022615)

